image: map_12f_cropped.pgm
resolution: 0.050000
origin: [-24.9, -37.3, 0.000000]
negate: 0
occupied_thresh: 0.65
free_thresh: 0.196

